11,18
11,17
11,15
11,14
11,13
11,12
11,11
11,9
11,6
11,5
8,14
8,17
8,18
8,16
8,12
8,6
4,41
4,16
6,5
7,15
7,14
7,12
17,2
17,1
17,3
15,2
15,1
15,3
16,2
16,1
16,3
13,2
14,2
4,26
4,17
4,40
4,4
4,5
4,23
4,25
4,32
4,34
4,85
4,1
4,15
4,2
4,3
6,7
6,4
6,6
6,1
6,8
6,2
6,3
7,8
7,7
7,10
7,4
7,13
7,9
7,1
7,5
7,2
7,3
5,4
5,2
5,1
5,3
24,52
24,51
24,50
24,49
24,48
24,47
24,46
24,45
24,44
24,43
24,42
24,41
24,40
24,39
24,38
24,37
24,36
24,35
10,166
10,91
10,214
10,185
10,181
11,16
9,7
9,4
9,6
8,8
8,5
8,7
8,4
8,9
8,13